-3.584112981450531947e+02
-2.228308530475872260e+02
-6.000768769117505599e+02
-3.775222559738701307e+02
-2.688099899624218097e+02
-3.960864410006360004e+02
-1.531759776597009761e+02
-8.552678654463547048e+01
-2.804609731752746029e+02
-4.355953764481427015e+01
-5.182801901804634781e+02
-5.474034249348130743e+02
-5.556629146873307263e+02
-5.452858736901632710e+02
-1.078036821414571733e+02
-3.239404635593228932e+02
-4.078691634088432352e+02
-2.697352153478923356e+02
-3.273340145945723521e+02
-2.185319684939831291e+02
-5.935922167668718430e+02
