-8.683465813412661873e+02
-2.396113392104365403e+02
-3.168258321712857537e+02
-2.466466860520506259e+02
-4.824623950059656750e+02
-4.499517644938265448e+02
-2.242861806045831941e+02
-2.607427526471229271e+02
-2.421734339736400159e+02
-2.403096814644636652e+02
-1.606382779797605167e+02
-1.926603287872221131e+02
-5.130508073997643947e+01
-2.079994211107289459e+01
-2.111715690007505373e+02
-3.183588054377647723e+02
-2.038880543191409913e+02
-1.772472696835961585e+02
-1.818568265632247858e+02
-1.353474692588089283e+02
-1.461176041531105056e+02
-1.253107257413332860e+02
-2.273536160583191474e+02
-1.427863240068389246e+02
-1.100538672488005432e+02
-2.174697455591662631e+01
-2.629429174752325480e+02
-1.668406226681507576e+02
-1.278630791209532305e+02
-1.788274818136451358e+02
-7.725007128091746722e+01
-1.031146152360484223e+02
-2.969588193173127024e+02
-2.142547611827941978e+02
-1.170903630171085013e+02
-3.558458556601175360e+02
-1.806634546560954675e+02
-1.660083909961370523e+02
-1.897316378833125441e+02
-1.689127756308802759e+02
-2.800897772578267677e+02
-1.234983328977701973e+02
-1.203947492165627011e+02
-1.377742518528759490e+02
-1.444880063931250049e+02
-1.280766206968062306e+02
-2.310448747512213288e+02
-1.323726927640628901e+02
-1.497652928867147750e+02
-2.085609949222613295e+02
-1.607331214940144264e+02
-1.521400206010935676e+02
-1.362509497987375937e+02
-1.099095553304434389e+02
-1.680133449251786999e+02
-1.436801033880777254e+02
-9.750318749587242451e+01
-1.541836253842819247e+02
-2.980259836542371659e+02
-1.186932931834896436e+02
-1.043730412772889338e+02
-1.174934670064727413e+02
-9.733139132915120229e+01
-1.632842644150875628e+02
-8.870050865670552298e+01
-1.907799035650643873e+02
-1.506527790853691329e+02
-7.841298095848392791e+01
-1.221072200051705892e+02
-1.376139232810883186e+02
-1.393132825539022974e+02
-1.893243184926991489e+02
-1.597387699630732527e+02
-1.592668756554455172e+02
-9.730322485742959771e+01
-1.446946139182632578e+02
-1.511317613582500599e+02
-1.287850032592785112e+02
-1.382660684854381827e+02
-7.846870850552691934e+01
-1.403655935235201184e+02
-1.223636668099184135e+02
-8.722890271177745092e+01
-1.667504333896488902e+02
-1.087033467308212238e+02
-2.866421846355780190e+02
-1.242701530968694215e+02
-8.975640331526692250e+01
-1.032609120053363085e+02
-1.008260075004767060e+02
-1.892557289917101286e+02
-1.914539573066423941e+02
-6.813346118847519506e+01
-1.321558448616737564e+02
-9.788113411018599663e+01
-1.736145978853837732e+02
-1.796056910589662152e+02
-1.751269965472435217e+02
-1.326396431254813706e+02
-6.576051193830004138e+01
-2.011483971540798450e+02
-2.433656111793730474e+02
-2.566717556966564757e+02
-8.673293178311374163e+01
-1.384165343924181286e+02
-1.649864297864304206e+02
-1.450502543803952449e+02
-1.250314292168777968e+02
-1.131083871491804445e+02
-1.616797445508425994e+02
-1.552550192581387591e+02
-1.111959154432291825e+02
-1.207346903506343239e+02
-1.287518101677167124e+02
-1.487191740007318685e+02
-1.852881553104568297e+02
-1.525722910618633250e+02
-1.524134555766864594e+02
-1.505416426389096216e+02
-1.503468403263386222e+02
-1.834753588253042551e+02
-7.945763870893830472e+01
-1.509736644830728096e+02
-1.450369487169389799e+02
-1.118360879852307619e+02
-1.642556406304246650e+02
-1.817685403604555745e+02
-2.096904086076929161e+02
-1.720514606567057001e+02
-1.463757821163777635e+02
-1.526814981888884404e+02
-2.199955753514477976e+02
-1.308803082278569434e+02
-1.798646006041429359e+02
-1.540545254348570836e+02
-2.198981067461704697e+02
-1.886737944468027308e+02
-2.051422650941762527e+02
-1.622967781874335458e+02
-1.643336319503152367e+02
-2.488416785592166036e+02
-1.520929719005100651e+02
-1.579110162163205473e+02
-1.544648406100736224e+02
-1.833895744045648826e+02
-1.584448636565199138e+02
-2.369292420672834965e+02
-2.145371604569319288e+02
-2.254384645252928863e+02
-2.218005187519478909e+02
-1.476196574276827391e+02
-2.499716827658371585e+02
-1.590939851414289592e+02
-2.556769100536832582e+02
-2.115134706379804186e+02
-2.098339557057904017e+02
-2.100891541581841864e+02
-2.472644155871836915e+02
-1.937132376934809486e+02
-1.665138192647327173e+02
-2.605243235784344051e+02
