-1.473065025943331875e+03
-1.835768055771439549e+03
-1.666479703862633869e+03
-1.613482153694690169e+03
-1.671668574256111697e+03
-1.523818131759529706e+03
-1.324464169620912116e+03
-1.555946645386071850e+03
-1.525428752150364062e+03
-1.587800537740874915e+03
-1.531050151713453261e+03
-1.528913953847588573e+03
-1.385548297383001682e+03
-1.133445338881926091e+03
-1.476615493182743421e+03
-1.529473673183892288e+03
-1.205439050128050894e+03
-5.667649914775229263e+02
-1.498072905124287672e+03
-7.506414409646348531e+02
-8.265567390200778846e+02
-1.408508887879490317e+02
-8.891416891593839864e+02
-3.894919849968790686e+02
-1.322147499999796594e+02
-1.313849341893358087e+02
-1.280705532027364768e+02
-1.377732653463040435e+02
-1.289118160187826732e+02
-3.911330316157702782e+02
-1.145802128661408403e+02
-2.538780312478099432e-01
-1.226776329352117472e+02
-1.236716715967484816e+02
-1.241489854527312957e+02
-2.555734774561758229e+02
-1.221728477935240704e+02
-1.212471378930028720e+02
-1.205887646556986539e+02
-1.233004585298991600e+02
-1.224262157940370344e+02
-1.318301527753739606e+02
-2.914709411752052688e+02
-1.147275004300454952e+02
-1.201005073396106297e+02
-3.387152421305727898e+02
-1.205266462745801874e+02
-3.773698566945461152e+02
-3.623735917476657278e+02
-5.051027440266394608e-01
-2.418214039859424531e+02
