-1.473254202831877137e+03
-1.619855486095897504e+03
-1.571243543947072112e+03
-1.458621971812988704e+03
-1.671427412850550581e+03
-1.544816799776854396e+03
-1.708869683988578799e+03
-1.199022300240735831e+03
-1.788888726975555301e+03
-1.362254656250247308e+03
-1.642900600097241977e+03
-1.631226507656056583e+03
-6.003390883539109879e+00
-1.330909754202493559e+03
-1.229026499633807589e+03
-1.071079100446102757e+03
-1.095549760067774969e+03
-9.159561020724677292e+02
-7.834534213166430163e+02
-5.244134985707623855e+02
-2.641283738851098519e+02
-2.967712425299636152e+02
-2.593181383702838616e+02
-4.479655477397730579e+02
-1.057293881089253091e+03
-2.530742353483336728e+02
-1.144574060332514307e+02
-1.250058626446764549e+02
-7.688133925154682080e-01
-1.173617477432013914e+02
-3.380385045645568880e+02
-3.873022584409216620e+02
-1.303224145528302529e+02
-1.216466816531319779e+02
-1.270073192533982365e+02
-1.139499390390008102e+02
-1.220168439490705907e+02
-1.281968224606417834e+02
-1.235859064941859771e+02
-2.542258748813069644e+02
-1.300038378529485215e+02
-1.200669981153437078e+02
-1.022724477643917680e+03
-1.231730817822149362e+02
-2.348262814104357687e+02
-4.298305259223581629e+02
-2.407662700410823220e+02
-1.234365624193879398e+02
-1.207068365980285023e+02
-1.259175310901075875e+02
-6.399809475736833519e+02
-1.237827937941612504e+02
-1.780359172696404979e+00
-2.377014903881297414e+02
-1.203520112142531531e+02
-2.550840957353199485e+02
-4.373497551653441633e+02
-3.857666849262952837e+02
-1.209908500489568155e+02
-8.813238357576335114e-01
-2.536169952527553448e+02
-1.235959011527937434e+02
-4.949838184118777917e+02
-1.257053087721916427e+02
-1.554868950752656520e+00
-2.327879948571168427e+02
-1.243933044627428046e+02
-1.243910123494112554e+02
-1.234859997125492299e+02
-8.275945124583627965e-01
-2.563261821667437061e+02
-2.717596609695022494e+02
-1.179873192357521532e+02
-2.480829565261046241e+02
-3.798055821828253897e+02
-1.153257439733912832e+02
-4.273997653098309115e+02
-1.242757522684700291e+02
-6.723265436408855100e-01
-1.289306210292826336e+02
-7.207042211717190616e-01
-1.195864965333218350e+02
-1.265558865696120137e+02
-1.290433031884034847e+02
-1.171935954977566610e+02
-1.218141975092744076e+02
-2.370948250745852306e+02
-1.681654644667991194e+00
-1.234031873337836487e+02
-1.220619700071884211e+02
-2.455425707271305384e+02
-2.439692036175382839e+02
-2.371549905326000669e+02
-1.167244911998107995e+02
-2.456701555056181121e+02
-1.299589006539881098e+02
-5.861487004995317420e+02
-3.295612517949602420e+02
-1.325214889500029756e+02
-1.166846304554445766e+02
