-1.502941270259291514e+03
-1.856100868812707631e+03
-1.094189774766639403e+03
-1.605038457164869214e+03
-1.507427137087861411e+03
-1.442894682047517108e+03
-1.501841385902839193e+03
-1.519933406453010775e+03
-1.550028223469069417e+03
-1.385615995179963193e+03
-2.838150394722208425e+00
-1.482375199965423917e+03
-1.314275904329239530e+01
-1.546857795243633063e+03
-1.322778003947792513e+03
-1.054479829972706739e+03
-7.668865717804681026e+02
-1.169193674307781976e+03
-9.608340646026734930e+02
-8.041769692598733172e+02
-1.499695726140957731e+03
-4.944661556928293180e+02
-2.640793046223418514e+02
-2.985387540921242930e+02
-8.979345734399601042e+02
-1.311495817797779182e+02
-1.342746623836893605e+02
-1.285813437852796710e+02
-4.302383595796358122e+02
-1.256682701434027649e+02
-2.536307998465195794e+02
-2.751406236184428256e+00
-1.294129127896524381e+02
-2.587075081463095216e+02
-1.242637070403880415e+02
-1.298096816147421748e+02
-2.551209375224223663e+02
-1.337474752866329197e+02
-3.977227350094213421e+02
-1.177496692196943258e+02
-1.305428582735347334e+02
-1.260135112549238983e+02
-1.223379835534932791e+00
-3.995281557019369529e+02
-2.387337855226134593e+02
-2.509850764459709183e+02
-8.887947308393868706e-01
-1.513995470822281050e+03
-1.497513381025297349e+03
-1.337937634838571626e+02
-1.261936311029716933e+02
-1.837392786719411530e+00
-1.461577322397851209e+00
-1.264066682727417970e+02
-3.112832081072124613e+00
-2.311089240360382746e+02
-1.223531153718896576e+02
-2.439247804680958325e+02
-1.278180179192201109e+02
-1.234805566453230625e+02
-1.207922013945549935e+02
